CurrentPlayer : 2
MapSize : 8 12
<FREEVILLAGE>
</FREEVILLAGE>
<PLAYER1>
Gold : 100
<UNITS>
K | 100 | 20 | 25 | M | 2 | 2 | 1 | 4 6 | 1 | 0.90 | 0
</UNITS>
<VILLAGES>
</VILLAGES>
Income : 0
Upkeep : 0
Base : 2 7
</PLAYER1>
<PLAYER2>
Gold : 1056
<UNITS>
K | 100 | 100 | 25 | M | 2 | 2 | 1 | 9 2 | 2 | 0.90 | 0
W | 75 | 25 | 15 | M | 2 | 0 | 0 | 5 6 | 2 | 0.87 | 37
S | 100 | 70 | 25 | M | 2 | 2 | 1 | 6 6 | 2 | 0.82 | 25
A | 100 | 25 | 25 | R | 2 | 0 | 0 | 4 7 | 2 | 0.84 | 25
A | 100 | 100 | 25 | R | 2 | 2 | 1 | 6 7 | 2 | 0.87 | 25
S | 100 | 100 | 25 | M | 2 | 1 | 1 | 3 6 | 2 | 0.87 | 25
W | 75 | 75 | 15 | M | 2 | 2 | 1 | 5 5 | 2 | 0.82 | 37
A | 100 | 100 | 25 | R | 2 | 2 | 1 | 4 4 | 2 | 0.86 | 25
S | 100 | 100 | 25 | M | 2 | 2 | 1 | 8 6 | 2 | 0.84 | 25
S | 100 | 100 | 25 | M | 2 | 2 | 1 | 6 5 | 2 | 0.71 | 25
S | 100 | 100 | 25 | M | 2 | 2 | 1 | 5 4 | 2 | 0.80 | 25
</UNITS>
<VILLAGES>
3 1
10 7
4 1
8 5
11 2
11 1
7 2
</VILLAGES>
Income : 525
Upkeep : 274
Base : 9 2
</PLAYER2>
*